4   1.848E+00  1    4   1.000000                                    
5   2.370E+00  1    5   1.000000                                    
6   1.700E+00  1    6   1.000000                                    
7   1.165E-03  1    7   1.000000                                    
8   1.332E-03  1    8   1.000000                                    
11  9.710E-01  1    11  1.000000                                    
12  1.740E+00  1    12  1.000000                                    
13  2.699E+00  1    13  1.000000                                    
14  2.330E+00  1    14  1.000000                                    
15  2.200E+00  1    15  1.000000                                    
16  2.000E+00  1    16  1.000000                                    
18  1.662E-03  1    18  1.000000                                    
19  8.620E-01  1    19  1.000000                                    
20  1.550E+00  1    20  1.000000                                    
26  7.874E+00  1    26  1.000000                                    
29  8.960E+00  1    29  1.000000                                    
42  1.022E+01  1    42  1.000000                                    
50  7.310E+00  1    50  1.000000                                    
57  6.154E+00  1    57  1.000000                                    
64  7.900E+00  1    64  1.000000                                    
74  1.930E+01  1    74  1.000000                                    
82  1.135E+01  1    82  1.000000                                    
92  1.895E+01  1    92  1.000000                                    
101 1.000E+00  2    1   0.111898  
                    8   0.888102  
102 1.205E-03  4    6   0.000124  
                    7   0.755268  
                    8   0.231781  
                    18  0.012827  
103 2.300E+00  10   1   0.022100  
                    6   0.002484  
                    8   0.574930  
                    11  0.015208  
                    12  0.001266  
                    13  0.019953  
                    14  0.304627  
                    19  0.010045  
                    20  0.042951  
                    26  0.006435  
104 3.350E+00  9    1   0.003585  
                    8   0.311622  
                    12  0.001195  
                    13  0.004183  
                    14  0.010457  
                    16  0.107858  
                    20  0.050194  
                    26  0.047505  
                    56  0.463400
105 6.220E+00  5    8   0.156453  
                    14  0.080866  
                    22  0.008092  
                    33  0.002651  
                    82  0.751938            
